No.1
  |2   3  |
--+-------+--
  |3 4 2 1|
  |4 3 1 2| 3
4 |1 2 3 4| 1
2 |2 1 4 3|
--+-------+--
  |  4    |
success!

time:0.000000
No.2
  |  2   1|
--+-------+--
  |3 2 1 4|
2 |2 1 4 3|
2 |1 4 3 2| 3
  |4 3 2 1| 4
--+-------+--
  |    3  |
success!

time:0.000000
No.3
  |3   1  |
--+-------+--
  |2 1 4 3|
4 |1 2 3 4|
  |3 4 2 1| 3
  |4 3 1 2| 3
--+-------+--
  |1   4  |
success!

time:0.000000
No.4
  |  3    |
--+-------+--
4 |1 2 3 4|
3 |2 3 4 1|
  |4 1 2 3| 2
  |3 4 1 2|
--+-------+--
  |  1 3 3|
success!

time:0.000000
No.5
  |1     4|
--+-------+--
  |4 2 3 1|
  |3 1 4 2| 2
  |1 4 2 3| 2
3 |2 3 1 4|
--+-------+--
  |3   3  |
success!

time:0.000000
No.6
  |3     1|
--+-------+--
3 |2 1 3 4|
  |3 4 1 2|
3 |1 2 4 3|
  |4 3 2 1| 4
--+-------+--
  |  2 2  |
success!

time:0.000000
No.7
  |  3 3  |
--+-------+--
  |4 1 2 3|
2 |3 2 1 4|
  |2 4 3 1| 3
3 |1 3 4 2|
--+-------+--
  |4     2|
success!

time:0.000000
No.8
  |  3 2  |
--+-------+--
3 |2 1 3 4|
  |4 3 2 1| 4
3 |1 2 4 3|
  |3 4 1 2|
--+-------+--
  |2     3|
success!

time:0.000000
No.9
  |  3    |
--+-------+--
4 |1 2 3 4|
2 |2 1 4 3|
  |4 3 1 2| 3
  |3 4 2 1| 3
--+-------+--
  |    2 4|
success!

time:0.000000
No.10
  |  2   3|
--+-------+--
  |4 3 2 1| 4
3 |1 2 4 3|
3 |2 1 3 4|
  |3 4 1 2| 2
--+-------+--
  |    3  |
success!

time:0.000000
No.11
  |3      |
--+-------+--
  |2 1 3 4|
3 |1 2 4 3|
2 |3 4 1 2| 2
  |4 3 2 1|
--+-------+--
  |    2 4|
success!

time:0.000000
No.12
  |3   4  |
--+-------+--
3 |2 3 1 4|
  |3 4 2 1| 3
  |4 1 3 2|
  |1 2 4 3|
--+-------+--
  |  2   2|
success!

time:0.000000
No.13
  |  4 2  |
--+-------+--
  |4 1 3 2| 3
  |3 2 4 1|
3 |1 3 2 4|
  |2 4 1 3|
--+-------+--
  |3   3  |
success!

time:0.000000
No.14
  |4 3    |
--+-------+--
3 |1 2 4 3| 2
  |2 3 1 4|
  |3 4 2 1|
  |4 1 3 2| 3
--+-------+--
  |    2  |
success!

time:0.000000
No.15
  |    4  |
--+-------+--
  |3 4 1 2| 2
  |4 3 2 1|
3 |2 1 3 4|
3 |1 2 4 3|
--+-------+--
  |3 3    |
success!

time:0.000000
No.16
  |2 2    |
--+-------+--
2 |3 2 4 1|
3 |2 1 3 4|
  |1 4 2 3| 2
  |4 3 1 2|
--+-------+--
  |    4  |
success!

time:0.000000
No.17
  |3     3|
--+-------+--
2 |  4    | 3
  |  3    |
2 |  2    |
  |  1    |
--+-------+--
  |  4    |
false

time:0.000000
No.18
  |    3  |
--+-------+--
  |4 3 1 2| 3
  |3 4 2 1| 3
2 |2 1 4 3|
4 |1 2 3 4|
--+-------+--
  |4      |
success!

time:0.000000
No.19
  |  4    |
--+-------+--
3 |2 1 3 4|
  |4 2 1 3|
3 |1 3 4 2|
  |3 4 2 1| 3
--+-------+--
  |    2 4|
success!

time:0.000000
No.20
  |2      |
--+-------+--
3 |2 1 3 4|
3 |1 2 4 3|
  |4 3 2 1| 4
  |3 4 1 2|
--+-------+--
  |2     3|
success!

time:0.000000
No.21
  |    3  |
--+-------+--
2 |3 2 1 4| 1
  |1 4 3 2| 3
  |4 3 2 1|
2 |2 1 4 3|
--+-------+--
  |  3 1  |
success!

time:0.000000
No.22
  |  2   2|
--+-------+--
2 |       | 2
2 |       |
  |       |
  |4      | 3
--+-------+--
  |1   3  |
false

time:1.000000
No.23
  |  2 3  |
--+-------+--
  |       | 3
  |       |
  |       | 3
2 |       |
--+-------+--
  |3     2|
false

time:0.000000
No.24
  |3      |
--+-------+--
  |2 1 4 3|
2 |3 2 1 4| 1
1 |4 3 2 1|
  |1 4 3 2| 3
--+-------+--
  |    2 2|
success!

time:0.000000
No.25
  |       |
--+-------+--
  |4 2 3 1| 3
  |3 1 2 4|
2 |2 4 1 3|
  |1 3 4 2|
--+-------+--
  |4   1 3|
success!

time:0.000000
No.26
  |2   3  |
--+-------+--
  |  4    | 2
  |4      |
3 |    4  |
3 |      4| 1
--+-------+--
  |2      |
false

time:0.000000
No.27
  |  4   1|
--+-------+--
  |3 1 2 4|
  |4 2 3 1| 3
3 |1 3 4 2|
  |2 4 1 3|
--+-------+--
  |    2  |
success!

time:0.000000
No.28
  |  3   2|
--+-------+--
  |1 2 4 3|
  |4 3 1 2| 3
2 |3 1 2 4|
  |2 4 3 1| 3
--+-------+--
  |  1 2  |
success!

time:0.000000
No.29
  |  2 3  |
--+-------+--
  |       |
1 |4      | 3
  |       | 2
3 |       |
--+-------+--
  |2      |
false

time:0.000000
No.30
  |  3    |
--+-------+--
3 |      4| 1
  |    4  |
  |  4    | 2
  |4      | 3
--+-------+--
  |1   3  |
false

time:0.000000
No.31
  |    2 3|
--+-------+--
  |       |
  |       | 3
3 |       |
  |       |
--+-------+--
  |3 2 2  |
false

time:0.000000
No.32
  |      3|
--+-------+--
2 |       | 3
  |       |
2 |       |
  |      4| 1
--+-------+--
  |2 3    |
false

time:0.000000
No.33
  |  3    |
--+-------+--
  |4      |
3 |      4| 1
  |  4    | 3
3 |    4  |
--+-------+--
  |3      |
false

time:0.000000
No.34
  |    3  |
--+-------+--
  |3 4 2 1| 3
3 |2 1 3 4|
1 |4 2 1 3|
  |1 3 4 2|
--+-------+--
  |  2   3|
success!

time:0.000000
No.35
  |  3    |
--+-------+--
3 |    4  |
  |4      | 3
2 |  4    |
  |      4| 1
--+-------+--
  |    3  |
false

time:0.000000
No.36
  |  3 3  |
--+-------+--
  |4 1 2 3|
4 |1 2 3 4|
  |3 4 1 2|
3 |2 3 4 1|
--+-------+--
  |      3|
success!

time:0.000000
No.37
  |  3    |
--+-------+--
4 |1 2 3 4|
  |4 3 1 2|
  |3 4 2 1| 3
  |2 1 4 3|
--+-------+--
  |3     2|
success!

time:0.000000
No.38
  |2 4 3  |
--+-------+--
  |3 1 2 4|
  |4 2 3 1| 3
  |1 3 4 2|
  |2 4 1 3|
--+-------+--
  |      2|
success!

time:0.000000
No.39
  |  4    |
--+-------+--
  |3 1 4 2|
  |4 2 3 1| 3
3 |2 3 1 4|
  |1 4 2 3|
--+-------+--
  |3   3  |
success!

time:0.000000
No.40
  |    2  |
--+-------+--
4 |1 2 3 4|
  |3 4 1 2| 2
3 |2 3 4 1|
  |4 1 2 3|
--+-------+--
  |  3    |
success!

time:0.000000
No.41
  |  2    |
--+-------+--
  |      4| 1
  |4      | 3
  |  4    |
2 |    4  |
--+-------+--
  |3   1  |
false

time:1.000000
No.42
  |  1    |
--+-------+--
  |  4    | 3
  |4      | 3
2 |    4  |
  |      4|
--+-------+--
  |3     1|
false

time:0.000000
No.43
  |3     3|
--+-------+--
  |      2|
  |      1| 2
1 |4     3| 2
  |      4|
--+-------+--
  |  2 3  |
false

time:0.000000
No.44
  |3     3|
--+-------+--
  |  4    |
3 |    4  | 2
  |4      |
  |      4| 1
--+-------+--
  |    2  |
false

time:0.000000
No.45
  |    2  |
--+-------+--
  |       | 3
  |       | 3
  |       |
3 |      4|
--+-------+--
  |  2   1|
false

time:0.000000
No.46
  |  1    |
--+-------+--
  |3 4    | 3
3 |    4 3|
  |4   3  | 3
3 |  3   4|
--+-------+--
  |  2    |
false

time:0.000000
No.47
  |    1  |
--+-------+--
3 |  3 4  |
3 |    3 4|
  |3 4    | 3
  |4     3| 2
--+-------+--
  |  2    |
false

time:0.000000
No.48
  |  1   3|
--+-------+--
2 |  4    |
  |4      | 3
  |      4|
2 |    4  |
--+-------+--
  |      2|
false

time:0.000000
No.49
  |  1 3  |
--+-------+--
  |3 4 2 1| 3
  |1 2 3 4|
2 |2 1 4 3|
  |4 3 1 2| 3
--+-------+--
  |  2   3|
success!

time:0.000000
No.50
  |    3  |
--+-------+--
  |3 1 2 4| 1
  |2 4 3 1|
  |4 3 1 2| 3
3 |1 2 4 3|
--+-------+--
  |  3   2|
success!

time:0.000000
No.51
  |    3  |
--+-------+--
  |3 4 1 2|
  |4 3 2 1| 4
3 |1 2 4 3|
  |2 1 3 4|
--+-------+--
  |2   2  |
success!

time:0.000000
No.52
  |    3  |
--+-------+--
  |2 4 1 3|
3 |1 3 2 4|
  |3 2 4 1|
  |4 1 3 2| 3
--+-------+--
  |  4    |
success!

time:0.000000
No.53
  |    4  |
--+-------+--
  |4 3 1 2| 3
  |3 4 2 1|
  |1 2 3 4|
2 |2 1 4 3|
--+-------+--
  |3      |
success!

time:0.000000
No.54
  |    3  |
--+-------+--
  |1 4 2 3|
3 |2 3 1 4|
  |4 2 3 1| 3
  |3 1 4 2|
--+-------+--
  |  4    |
success!

time:0.000000
No.55
  |  4    |
--+-------+--
  |  1    |
2 |  2    |
  |  3    |
  |  4    | 2
--+-------+--
  |    3  |
false

time:0.000000
No.56
  |    2  |
--+-------+--
  |1 4 2 3|
  |4 3 1 2| 3
  |3 2 4 1|
3 |2 1 3 4|
--+-------+--
  |3 4    |
success!

time:0.000000
No.57
  |    2  |
--+-------+--
  |       |
  |4 3 2 1| 4
3 |       |
  |       |
--+-------+--
  |2      |
false

time:0.000000
No.58
  |       |
--+-------+--
  |3 2 1 4|
2 |1 4 2 3|
  |4 1 3 2| 3
3 |2 3 4 1|
--+-------+--
  |      4|
success!

time:0.000000
No.59
  |4      |
--+-------+--
  |1 4 3 2| 3
3 |2 3 1 4|
  |3 2 4 1| 2
  |4 1 2 3|
--+-------+--
  |       |
success!

time:0.000000
No.60
  |      2|
--+-------+--
  |2 1 4 3|
  |1 4 3 2| 3
2 |3 2 1 4|
  |4 3 2 1| 4
--+-------+--
  |       |
success!

time:0.000000
No.61
  |      2|
--+-------+--
3 |    4  |
  |       |
  |       | 2
  |      4|
--+-------+--
  |  2   1|
false

time:0.000000
No.62
  |  3    |
--+-------+--
  |4 2 3 1|
  |1 3 4 2| 2
  |2 4 1 3|
2 |3 1 2 4|
--+-------+--
  |    2 1|
success!

time:0.000000
No.63
  |    2  |
--+-------+--
1 |4      |
  |      4|
  |  4    | 3
  |    4  |
--+-------+--
  |    1 2|
false

time:1.000000
No.64
  |  3   1|
--+-------+--
  |      4|
  |4      | 3
3 |    4  |
  |  4    |
--+-------+--
  |3   2  |
false

time:0.000000
No.65
  |    3  |
--+-------+--
  |       | 3
3 |       |
3 |       |
  |       |
--+-------+--
  |  3   2|
false

time:0.000000
No.66
  |  2 2  |
--+-------+--
  |      4|
2 |    4  |
  |  4    | 3
  |4      |
--+-------+--
  |1     3|
false

time:0.000000
No.67
  |    1  |
--+-------+--
3 |    4  |
  |       |
2 |       | 2
  |       |
--+-------+--
  |      2|
false

time:0.000000
No.68
  |3      |
--+-------+--
  |       | 3
3 |       |
2 |       |
  |       | 3
--+-------+--
  |  2    |
false

time:0.000000
No.69
  |  2   2|
--+-------+--
  |       |
  |       | 3
  |       | 2
3 |       |
--+-------+--
  |  3    |
false

time:0.000000
No.70
  |  2    |
--+-------+--
  |       | 3
2 |       |
  |       | 3
  |       |
--+-------+--
  |3   2  |
false

time:0.000000
No.71
  |    3  |
--+-------+--
  |       |
3 |       |
  |       | 2
3 |       |
--+-------+--
  |      3|
false

time:0.000000
No.72
  |      3|
--+-------+--
3 |       |
  |       |
  |       | 3
2 |       |
--+-------+--
  |  3 3  |
false

time:0.000000
No.73
  |       |
--+-------+--
  |3 4 1 2|
  |4 3 2 1| 4
3 |2 1 3 4|
  |1 2 4 3|
--+-------+--
  |  3    |
success!

time:0.000000
No.74
  |    2  |
--+-------+--
  |       | 2
  |       | 3
  |       |
  |       |
--+-------+--
  |3      |
false

time:0.000000
No.75
  |      2|
--+-------+--
  |       |
  |       |
  |       | 2
3 |       |
--+-------+--
  |3 3    |
false

time:0.000000
No.76
  |      2|
--+-------+--
  |       | 3
  |       | 3
  |       |
2 |       |
--+-------+--
  |3      |
false

time:0.000000
No.77
  |  2    |
--+-------+--
3 |       |
  |       |
  |       | 2
  |       | 2
--+-------+--
  |    3  |
false

time:0.000000
No.78
  |2     2|
--+-------+--
2 |       |
  |       | 2
  |       |
  |       |
--+-------+--
  |2      |
false

time:0.000000
No.79
  |  3    |
--+-------+--
2 |       |
  |       |
3 |       |
  |       | 2
--+-------+--
  |3   2  |
false

time:1.000000
No.80
  |  3    |
--+-------+--
  |       |
3 |       |
  |       |
  |       | 2
--+-------+--
  |  2 2  |
false

time:0.000000
No.81
  |    2  |
--+-------+--
  |       | 3
  |       |
2 |       |
  |       | 3
--+-------+--
  |  2    |
false

time:0.000000
No.82
  |2   2  |
--+-------+--
  |       |
  |       |
3 |       |
  |       | 2
--+-------+--
  |    3  |
false

time:0.000000
No.83
  |  2   2|
--+-------+--
  |       | 3
  |       |
  |       |
  |       |
--+-------+--
  |    3  |
false

time:0.000000
No.84
  |3      |
--+-------+--
  |       |
  |       | 3
  |       |
2 |       |
--+-------+--
  |      2|
false

time:0.000000
No.85
  |  2   3|
--+-------+--
  |       |
3 |       |
  |       |
  |       | 2
--+-------+--
  |       |
false

time:0.000000
No.86
  |3      |
--+-------+--
  |       | 3
  |       |
  |       |
3 |       |
--+-------+--
  |    3  |
false

time:0.000000
No.87
  |  2 2  |
--+-------+--
  |       | 2
  |       |
  |       |
  |       |
--+-------+--
  |  3    |
false

time:0.000000
No.88
  |      3|
--+-------+--
  |       |
3 |       |
  |       |
  |       | 3
--+-------+--
  |  3    |
false

time:0.000000
No.89
  |    2  |
--+-------+--
  |       | 2
  |       | 3
  |       |
  |       |
--+-------+--
  |       |
false

time:0.000000
No.90
  |       |
--+-------+--
2 |       |
  |       | 3
  |       |
  |       |
--+-------+--
  |  3 3  |
false

time:0.000000
No.91
  |  3    |
--+-------+--
3 |       |
  |       |
3 |       |
  |       | 3
--+-------+--
  |    2  |
false

time:0.000000
No.92
  |  3    |
--+-------+--
  |       |
  |       |
  |       |
3 |       |
--+-------+--
  |2   2  |
false

time:0.000000
No.93
  |    3  |
--+-------+--
  |       |
  |       | 3
  |       | 3
  |       |
--+-------+--
  |  3    |
false

time:0.000000
No.94
  |    2 2|
--+-------+--
  |       |
  |       |
  |       | 2
  |       | 3
--+-------+--
  |  2    |
false

time:0.000000
No.95
  |       |
--+-------+--
2 |       | 2
3 |       |
  |       |
3 |       | 2
--+-------+--
  |       |
false

time:1.000000
No.96
  |3     3|
--+-------+--
  |       | 2
  |       | 2
  |       |
  |       |
--+-------+--
  |    2  |
false

time:0.000000
No.97
  |2     3|
--+-------+--
3 |       |
  |       |
  |       | 2
  |       |
--+-------+--
  |    3  |
false

time:0.000000
No.98
  |  2    |
--+-------+--
3 |       |
  |       |
  |       | 2
3 |       | 2
--+-------+--
  |       |
false

time:0.000000
No.99
  |2     2|
--+-------+--
  |       |
3 |       |
  |       | 2
  |       |
--+-------+--
  |      2|
false

time:0.000000
No.100
  |  2 3  |
--+-------+--
  |       |
  |       |
3 |       | 2
  |       |
--+-------+--
  |  2    |
false

time:0.000000
success:42
false:58
time:0.005000
time:0.005000
time:5.000000
