No.1
  |2   3  |
--+-------+--
  |3 4 2 1|
  |4 3 1 2| 3
4 |1 2 3 4| 1
2 |2 1 4 3|
--+-------+--
  |  4    |
success!
building:16

No.2
  |  2   1|
--+-------+--
  |3 2 1 4|
2 |2 1 4 3|
2 |1 4 3 2| 3
  |4 3 2 1| 4
--+-------+--
  |    3  |
success!
building:16

No.3
  |3   1  |
--+-------+--
  |2 1 4 3|
4 |1 2 3 4|
  |3 4 2 1| 3
  |4 3 1 2| 3
--+-------+--
  |1   4  |
success!
building:16

No.4
  |  3    |
--+-------+--
4 |1 2 3 4|
3 |2 3 4 1|
  |4 1 2 3| 2
  |3 4 1 2|
--+-------+--
  |  1 3 3|
success!
building:16

No.5
  |1     4|
--+-------+--
  |4 2 3 1|
  |3 1 4 2| 2
  |1 4 2 3| 2
3 |2 3 1 4|
--+-------+--
  |3   3  |
success!
building:16

No.6
  |3     1|
--+-------+--
3 |2 1 3 4|
  |3 4 1 2|
3 |1 2 4 3|
  |4 3 2 1| 4
--+-------+--
  |  2 2  |
success!
building:16

No.7
  |  3 3  |
--+-------+--
  |4 1 2 3|
2 |3 2 1 4|
  |2 4 3 1| 3
3 |1 3 4 2|
--+-------+--
  |4     2|
success!
building:16

No.8
  |  3 2  |
--+-------+--
3 |2 1 3 4|
  |4 3 2 1| 4
3 |1 2 4 3|
  |3 4 1 2|
--+-------+--
  |2     3|
success!
building:16

No.9
  |  3    |
--+-------+--
4 |1 2 3 4|
2 |2 1 4 3|
  |4 3 1 2| 3
  |3 4 2 1| 3
--+-------+--
  |    2 4|
success!
building:16

No.10
  |  2   3|
--+-------+--
  |4 3 2 1| 4
3 |1 2 4 3|
3 |2 1 3 4|
  |3 4 1 2| 2
--+-------+--
  |    3  |
success!
building:16

No.11
  |3      |
--+-------+--
  |2 1 3 4|
3 |1 2 4 3|
2 |3 4 1 2| 2
  |4 3 2 1|
--+-------+--
  |    2 4|
success!
building:16

No.12
  |3   4  |
--+-------+--
3 |2 3 1 4|
  |3 4 2 1| 3
  |4 1 3 2|
  |1 2 4 3|
--+-------+--
  |  2   2|
success!
building:16

No.13
  |  4 2  |
--+-------+--
  |4 1 3 2| 3
  |3 2 4 1|
3 |1 3 2 4|
  |2 4 1 3|
--+-------+--
  |3   3  |
success!
building:16

No.14
  |4 3    |
--+-------+--
3 |1 2 4 3| 2
  |2 3 1 4|
  |3 4 2 1|
  |4 1 3 2| 3
--+-------+--
  |    2  |
success!
building:16

No.15
  |    4  |
--+-------+--
  |3 4 1 2| 2
  |4 3 2 1|
3 |2 1 3 4|
3 |1 2 4 3|
--+-------+--
  |3 3    |
success!
building:16

No.16
  |2 2    |
--+-------+--
2 |3 2 4 1|
3 |2 1 3 4|
  |1 4 2 3| 2
  |4 3 1 2|
--+-------+--
  |    4  |
success!
building:16

No.17
  |3     3|
--+-------+--
2 |  4    | 3
  |  3    |
2 |  2    |
  |  1    |
--+-------+--
  |  4    |
false
building:4

No.18
  |    3  |
--+-------+--
  |4 3 1 2| 3
  |3 4 2 1| 3
2 |2 1 4 3|
4 |1 2 3 4|
--+-------+--
  |4      |
success!
building:16

No.19
  |  4    |
--+-------+--
3 |2 1 3 4|
  |4 2 1 3|
3 |1 3 4 2|
  |3 4 2 1| 3
--+-------+--
  |    2 4|
success!
building:16

No.20
  |2      |
--+-------+--
3 |2 1 3 4|
3 |1 2 4 3|
  |4 3 2 1| 4
  |3 4 1 2|
--+-------+--
  |2     3|
success!
building:16

No.21
  |    3  |
--+-------+--
2 |3 2 1 4| 1
  |1 4 3 2| 3
  |4 3 2 1|
2 |2 1 4 3|
--+-------+--
  |  3 1  |
success!
building:16

No.22
  |  2   2|
--+-------+--
2 |       | 2
2 |       |
  |       |
  |4      | 3
--+-------+--
  |1   3  |
false
building:1

No.23
  |  2 3  |
--+-------+--
  |       | 3
  |       |
  |       | 3
2 |       |
--+-------+--
  |3     2|
false
building:0

No.24
  |3      |
--+-------+--
  |2 1 4 3|
2 |3 2 1 4| 1
1 |4 3 2 1|
  |1 4 3 2| 3
--+-------+--
  |    2 2|
success!
building:16

No.25
  |       |
--+-------+--
  |4 2 3 1| 3
  |3 1 2 4|
2 |2 4 1 3|
  |1 3 4 2|
--+-------+--
  |4   1 3|
success!
building:16

No.26
  |2   3  |
--+-------+--
  |  4    | 2
  |4      |
3 |    4  |
3 |      4| 1
--+-------+--
  |2      |
false
building:4

No.27
  |  4   1|
--+-------+--
  |3 1 2 4|
  |4 2 3 1| 3
3 |1 3 4 2|
  |2 4 1 3|
--+-------+--
  |    2  |
success!
building:16

No.28
  |  3   2|
--+-------+--
  |    4  |
  |4      | 3
2 |      4|
  |  4    | 3
--+-------+--
  |  1 2  |
false
building:4

No.29
  |  2 3  |
--+-------+--
  |       |
1 |4      | 3
  |       | 2
3 |       |
--+-------+--
  |2      |
false
building:1

No.30
  |  3    |
--+-------+--
3 |      4| 1
  |    4  |
  |  4    | 2
  |4      | 3
--+-------+--
  |1   3  |
false
building:4

No.31
  |    2 3|
--+-------+--
  |       |
  |       | 3
3 |       |
  |       |
--+-------+--
  |3 2 2  |
false
building:0

No.32
  |      3|
--+-------+--
2 |       | 3
  |       |
2 |       |
  |      4| 1
--+-------+--
  |2 3    |
false
building:1

No.33
  |  3    |
--+-------+--
  |4      |
3 |      4| 1
  |  4    | 3
3 |    4  |
--+-------+--
  |3      |
false
building:4

No.34
  |    3  |
--+-------+--
  |  4    | 3
3 |      4|
1 |4      |
  |    4  |
--+-------+--
  |  2   3|
false
building:4

No.35
  |  3    |
--+-------+--
3 |    4  |
  |4      | 3
2 |  4    |
  |      4| 1
--+-------+--
  |    3  |
false
building:4

No.36
  |  3 3  |
--+-------+--
  |4 1 2 3|
4 |1 2 3 4|
  |3 4 1 2|
3 |2 3 4 1|
--+-------+--
  |      3|
success!
building:16

No.37
  |  3    |
--+-------+--
4 |1 2 3 4|
  |4 3 1 2|
  |3 4 2 1| 3
  |2 1 4 3|
--+-------+--
  |3     2|
success!
building:16

No.38
  |2 4 3  |
--+-------+--
  |3 1 2 4|
  |4 2 3 1| 3
  |1 3 4 2|
  |2 4 1 3|
--+-------+--
  |      2|
success!
building:16

No.39
  |  4    |
--+-------+--
  |3 1 4 2|
  |4 2 3 1| 3
3 |2 3 1 4|
  |1 4 2 3|
--+-------+--
  |3   3  |
success!
building:16

No.40
  |    2  |
--+-------+--
4 |1 2 3 4|
  |3 4 1 2| 2
3 |2 3 4 1|
  |4 1 2 3|
--+-------+--
  |  3    |
success!
building:16

No.41
  |  2    |
--+-------+--
  |      4| 1
  |4      | 3
  |  4    |
2 |    4  |
--+-------+--
  |3   1  |
false
building:4

No.42
  |  1    |
--+-------+--
  |  4    | 3
  |4      | 3
2 |    4  |
  |      4|
--+-------+--
  |3     1|
false
building:4

No.43
  |3     3|
--+-------+--
  |      2|
  |      1| 2
1 |4     3| 2
  |      4|
--+-------+--
  |  2 3  |
false
building:5

No.44
  |3     3|
--+-------+--
  |  4    |
3 |    4  | 2
  |4      |
  |      4| 1
--+-------+--
  |    2  |
false
building:4

No.45
  |    2  |
--+-------+--
  |       | 3
  |       | 3
  |       |
3 |      4|
--+-------+--
  |  2   1|
false
building:1

No.46
  |  1    |
--+-------+--
  |3 4 2 1| 3
3 |1 2 4 3|
  |4 1 3 2| 3
3 |2 3 1 4|
--+-------+--
  |  2    |
success!
building:16

No.47
  |    1  |
--+-------+--
3 |    4  |
3 |      4|
  |  4    | 3
  |4      | 2
--+-------+--
  |  2    |
false
building:4

No.48
  |  1   3|
--+-------+--
2 |  4    |
  |4      | 3
  |      4|
2 |    4  |
--+-------+--
  |      2|
false
building:4

No.49
  |  1 3  |
--+-------+--
  |3 4 2 1| 3
  |1 2 3 4|
2 |2 1 4 3|
  |4 3 1 2| 3
--+-------+--
  |  2   3|
success!
building:16

No.50
  |    3  |
--+-------+--
  |3 1 2 4| 1
  |2 4 3 1|
  |4 3 1 2| 3
3 |1 2 4 3|
--+-------+--
  |  3   2|
success!
building:16

No.51
  |    3  |
--+-------+--
  |3 4 1 2|
  |4 3 2 1| 4
3 |1 2 4 3|
  |2 1 3 4|
--+-------+--
  |2   2  |
success!
building:16

No.52
  |    3  |
--+-------+--
  |2 4 1 3|
3 |1 3 2 4|
  |3 2 4 1|
  |4 1 3 2| 3
--+-------+--
  |  4    |
success!
building:16

No.53
  |    4  |
--+-------+--
  |4 3 1 2| 3
  |3 4 2 1|
  |1 2 3 4|
2 |2 1 4 3|
--+-------+--
  |3      |
success!
building:16

No.54
  |    3  |
--+-------+--
  |1 4 2 3|
3 |2 3 1 4|
  |4 2 3 1| 3
  |3 1 4 2|
--+-------+--
  |  4    |
success!
building:16

No.55
  |  4    |
--+-------+--
  |  1    |
2 |  2    |
  |  3    |
  |  4    | 2
--+-------+--
  |    3  |
false
building:4

No.56
  |    2  |
--+-------+--
  |1 4 2 3|
  |4 3 1 2| 3
  |3 2 4 1|
3 |2 1 3 4|
--+-------+--
  |3 4    |
success!
building:16

No.57
  |    2  |
--+-------+--
  |       |
  |4 3 2 1| 4
3 |       |
  |       |
--+-------+--
  |2      |
false
building:4

No.58
  |       |
--+-------+--
  |3 2 1 4|
2 |1 4 2 3|
  |4 1 3 2| 3
3 |2 3 4 1|
--+-------+--
  |      4|
success!
building:16

No.59
  |4      |
--+-------+--
  |1 4 3 2| 3
3 |2 3 1 4|
  |3 2 4 1| 2
  |4 1 2 3|
--+-------+--
  |       |
success!
building:16

No.60
  |      2|
--+-------+--
  |2 1 4 3|
  |1 4 3 2| 3
2 |3 2 1 4|
  |4 3 2 1| 4
--+-------+--
  |       |
success!
building:16

No.61
  |      2|
--+-------+--
3 |    4  |
  |       |
  |       | 2
  |      4|
--+-------+--
  |  2   1|
false
building:2

No.62
  |  3    |
--+-------+--
  |4 2 3 1|
  |1 3 4 2| 2
  |2 4 1 3|
2 |3 1 2 4|
--+-------+--
  |    2 1|
success!
building:16

No.63
  |    2  |
--+-------+--
1 |4      |
  |      4|
  |  4    | 3
  |    4  |
--+-------+--
  |    1 2|
false
building:4

No.64
  |  3   1|
--+-------+--
  |      4|
  |4      | 3
3 |    4  |
  |  4    |
--+-------+--
  |3   2  |
false
building:4

No.65
  |    3  |
--+-------+--
  |       | 3
3 |       |
3 |       |
  |       |
--+-------+--
  |  3   2|
false
building:0

No.66
  |  2 2  |
--+-------+--
  |      4|
2 |    4  |
  |  4    | 3
  |4      |
--+-------+--
  |1     3|
false
building:4

No.67
  |    1  |
--+-------+--
3 |    4  |
  |       |
2 |       | 2
  |       |
--+-------+--
  |      2|
false
building:1

No.68
  |3      |
--+-------+--
  |       | 3
3 |       |
2 |       |
  |       | 3
--+-------+--
  |  2    |
false
building:0

No.69
  |  2   2|
--+-------+--
  |       |
  |       | 3
  |       | 2
3 |       |
--+-------+--
  |  3    |
false
building:0

No.70
  |  2    |
--+-------+--
  |       | 3
2 |       |
  |       | 3
  |       |
--+-------+--
  |3   2  |
false
building:0

No.71
  |    3  |
--+-------+--
  |       |
3 |       |
  |       | 2
3 |       |
--+-------+--
  |      3|
false
building:0

No.72
  |      3|
--+-------+--
3 |       |
  |       |
  |       | 3
2 |       |
--+-------+--
  |  3 3  |
false
building:0

No.73
  |       |
--+-------+--
  |3 4 1 2|
  |4 3 2 1| 4
3 |2 1 3 4|
  |1 2 4 3|
--+-------+--
  |  3    |
success!
building:16

No.74
  |    2  |
--+-------+--
  |       | 2
  |       | 3
  |       |
  |       |
--+-------+--
  |3      |
false
building:0

No.75
  |      2|
--+-------+--
  |       |
  |       |
  |       | 2
3 |       |
--+-------+--
  |3 3    |
false
building:0

No.76
  |      2|
--+-------+--
  |       | 3
  |       | 3
  |       |
2 |       |
--+-------+--
  |3      |
false
building:0

No.77
  |  2    |
--+-------+--
3 |       |
  |       |
  |       | 2
  |       | 2
--+-------+--
  |    3  |
false
building:0

No.78
  |2     2|
--+-------+--
2 |       |
  |       | 2
  |       |
  |       |
--+-------+--
  |2      |
false
building:0

No.79
  |  3    |
--+-------+--
2 |       |
  |       |
3 |       |
  |       | 2
--+-------+--
  |3   2  |
false
building:0

No.80
  |  3    |
--+-------+--
  |       |
3 |       |
  |       |
  |       | 2
--+-------+--
  |  2 2  |
false
building:0

No.81
  |    2  |
--+-------+--
  |       | 3
  |       |
2 |       |
  |       | 3
--+-------+--
  |  2    |
false
building:0

No.82
  |2   2  |
--+-------+--
  |       |
  |       |
3 |       |
  |       | 2
--+-------+--
  |    3  |
false
building:0

No.83
  |  2   2|
--+-------+--
  |       | 3
  |       |
  |       |
  |       |
--+-------+--
  |    3  |
false
building:0

No.84
  |3      |
--+-------+--
  |       |
  |       | 3
  |       |
2 |       |
--+-------+--
  |      2|
false
building:0

No.85
  |  2   3|
--+-------+--
  |       |
3 |       |
  |       |
  |       | 2
--+-------+--
  |       |
false
building:0

No.86
  |3      |
--+-------+--
  |       | 3
  |       |
  |       |
3 |       |
--+-------+--
  |    3  |
false
building:0

No.87
  |  2 2  |
--+-------+--
  |       | 2
  |       |
  |       |
  |       |
--+-------+--
  |  3    |
false
building:0

No.88
  |      3|
--+-------+--
  |       |
3 |       |
  |       |
  |       | 3
--+-------+--
  |  3    |
false
building:0

No.89
  |    2  |
--+-------+--
  |       | 2
  |       | 3
  |       |
  |       |
--+-------+--
  |       |
false
building:0

No.90
  |       |
--+-------+--
2 |       |
  |       | 3
  |       |
  |       |
--+-------+--
  |  3 3  |
false
building:0

No.91
  |  3    |
--+-------+--
3 |       |
  |       |
3 |       |
  |       | 3
--+-------+--
  |    2  |
false
building:0

No.92
  |  3    |
--+-------+--
  |       |
  |       |
  |       |
3 |       |
--+-------+--
  |2   2  |
false
building:0

No.93
  |    3  |
--+-------+--
  |       |
  |       | 3
  |       | 3
  |       |
--+-------+--
  |  3    |
false
building:0

No.94
  |    2 2|
--+-------+--
  |       |
  |       |
  |       | 2
  |       | 3
--+-------+--
  |  2    |
false
building:0

No.95
  |       |
--+-------+--
2 |       | 2
3 |       |
  |       |
3 |       | 2
--+-------+--
  |       |
false
building:0

No.96
  |3     3|
--+-------+--
  |       | 2
  |       | 2
  |       |
  |       |
--+-------+--
  |    2  |
false
building:0

No.97
  |2     3|
--+-------+--
3 |       |
  |       |
  |       | 2
  |       |
--+-------+--
  |    3  |
false
building:0

No.98
  |  2    |
--+-------+--
3 |       |
  |       |
  |       | 2
3 |       | 2
--+-------+--
  |       |
false
building:0

No.99
  |2     2|
--+-------+--
  |       |
3 |       |
  |       | 2
  |       |
--+-------+--
  |      2|
false
building:0

No.100
  |  2 3  |
--+-------+--
  |       |
  |       |
3 |       | 2
  |       |
--+-------+--
  |  2    |
false
building:0

success:41
false:59
falseCount-zeroCount:24
zeroCount:35
totalCount:736
falseBilCount:80
totalCount_ave:7.360000
falseBilCount_ave:1.355932
falseBilCount_ave_notzero:3.333333

手法 & 完成問題数 & 未完成問題数 & 途中問題数 & 完全未完成問題数 & 全体のビル数合計 & 未完成問題のビル数合計 & 完成問題のビル数平均 & 途中問題のビル数平均 & 完全未完成問題のビル数平均 \\